235072 57 1 5 0
246370 50 1 4 0
229739 50 1 5 0
235836 106 1 1 0
239066 51 1 6 0
331656 143 2 1 0
286247 98 1 1 1
276190 50 2 4 1
515977 287 4 4 0
197959 50 1 1 0
322291 176 3 1 0
265323 50 1 1 1
222592 70 1 4 0
251108 104 2 1 1
219765 50 2 3 0
248456 72 1 3 0
957630 435 4 4 0
501816 199 2 1 1
230554 50 1 5 0
239624 50 1 4 1
281984 72 2 6 0
216654 77 1 1 0
337148 166 2 1 0
324304 122 1 3 1
260282 61 3 5 0
262675 50 1 5 0
209736 50 2 2 0
228018 50 1 4 0
351097 164 3 4 0
246974 50 1 5 0
471767 216 3 4 0
499486 252 2 2 0
215051 125 2 2 0
212457 50 1 5 0
221236 67 1 1 1
321537 125 1 1 1
197362 52 1 6 0
243517 111 1 1 1
249757 50 1 5 0
239824 50 2 3 0
195579 57 1 4 0
247448 118 1 1 0
472660 272 1 1 1
196323 50 1 1 0
446606 222 2 5 0
269469 155 1 1 0
185527 50 2 2 0
297720 137 1 5 0
226882 133 2 1 0
194556 50 1 1 1
279006 71 1 5 0
179527 75 2 1 0
221773 50 1 4 0
190657 50 1 1 0
245901 50 1 4 0
182335 50 1 1 0
202136 50 1 1 0
216838 50 1 6 1
203404 68 3 1 0
501203 230 1 6 1
236808 50 1 1 1
293721 50 2 6 1
239054 88 1 1 0
288527 86 2 5 0
208972 50 3 4 0
231196 50 2 6 0
338363 141 2 5 0
275068 107 2 4 0
442440 205 3 4 0
234772 61 1 1 0
241737 69 1 5 0
234790 50 1 6 0
315313 50 1 6 1
266236 50 2 1 1
222858 82 1 1 0
186363 50 1 4 0
192301 50 2 1 0
450027 195 3 6 0
217468 50 2 6 0
278092 119 2 1 0
255090 70 1 3 0
238621 50 2 4 0
265358 50 1 6 0
314985 70 2 5 1
246482 106 1 5 0
223079 102 2 1 0
161636 50 1 1 0
491735 221 8 1 0
398299 158 4 3 0
264715 108 3 4 0
221097 50 1 4 0
280659 101 1 2 0
189138 60 1 1 0
236849 93 1 1 0
155162 50 2 1 0
249021 50 1 6 0
272664 50 3 6 0
249226 50 2 4 0
207086 50 1 2 0
221786 50 1 1 1
