8 25 25
12 12 12
9 21 21
13 14 14
5 21 21
12 19 19
10 24 24
6 18 18
7 23 23
13 19 17
12 18 18
6 22 22
10 17 17
13 30 22
12 22 18
12 17 17
14 20 17
14 22 20
6 18 18
9 21 21
6 20 20
14 20 15
9 20 20
11 20 20
11 29 20
10 22 22
11 18 18
14 13 13
9 24 24
7 29 28
7 19 19
6 18 18
13 19 17
10 28 27
7 24 24
8 32 27
5 18 18
13 17 17
9 27 25
13 26 16
5 9 9
11 12 12
10 11 11
14 23 16
9 24 24
11 12 12
13 28 19
14 21 14
12 18 18
5 16 16
9 27 27
12 13 13
7 31 30
5 31 31
13 18 18
5 18 18
6 20 20
10 19 19
14 22 16
6 15 15
5 20 20
14 17 17
9 16 16
7 19 19
13 28 20
10 18 18
13 21 21
5 19 19
8 26 26
13 25 21
8 19 19
8 28 24
5 18 18
11 14 14
14 20 15
9 15 15
5 32 32
6 15 15
5 17 17
14 25 20
12 26 20
6 16 16
7 24 24
9 21 21
14 21 15
13 18 15
12 23 22
11 22 22
13 21 19
6 23 23
6 16 16
12 17 17
8 21 21
13 26 20
7 18 18
9 28 28
12 14 14
5 13 13
5 15 15
10 24 23
7 22 22
10 17 17
12 20 20
11 19 19
13 13 13
12 21 20
11 20 20
12 25 22
13 16 16
8 17 17
13 18 18
8 17 17
9 18 18
10 17 17
5 17 17
5 16 16
10 14 14
5 26 26
6 19 19
9 19 19
7 19 19
12 23 22
6 21 21
11 19 19
13 16 16
9 23 23
8 19 19
12 26 19
8 15 15
5 17 17
11 26 21
12 13 13
10 14 14
5 16 16
7 13 13
8 13 13
11 18 18
14 29 15
11 19 18
10 19 19
11 21 21
13 19 17
8 17 17
7 28 28
8 19 19
14 22 15
5 20 20
13 20 17
5 20 20
10 14 14
11 21 21
6 16 16
13 18 18
6 15 15
12 16 16
5 20 20
10 27 24
8 16 16
12 22 22
9 16 16
6 26 26
5 28 28
13 19 16
13 22 18
8 19 19
9 16 16
5 20 20
11 24 24
11 24 24
9 22 22
10 27 27
9 26 23
8 24 24
6 32 30
9 17 17
9 16 16
12 20 20
13 24 21
9 17 17
12 19 19
14 27 18
10 19 19
11 19 19
13 16 16
9 12 12
10 12 12
9 17 17
11 31 22
9 18 18
9 19 19
13 16 16
14 28 16
10 28 22
11 19 19
14 25 20
12 20 20
6 19 19
12 17 17
5 16 16
8 14 14
12 21 21
8 23 23
8 21 21
12 20 20
7 19 19
12 20 20
6 29 29
13 19 18
11 16 16
14 18 17
6 32 32
8 27 27
11 25 25
12 28 18
6 15 15
7 36 29
5 14 14
12 25 22
6 19 19
8 22 22
13 17 16
13 21 20
12 12 12
7 15 15
13 12 12
6 19 19
12 26 19
11 30 20
8 19 19
9 25 24
5 14 14
13 15 15
12 27 17
7 15 15
6 15 15
11 22 22
14 15 15
13 15 15
7 16 16
5 26 26
5 17 17
5 21 21
7 13 13
10 22 22
14 19 13
13 16 16
12 21 21
11 22 22
5 17 17
5 20 20
6 23 23
12 21 20
10 19 19
7 21 21
11 15 15
5 24 24
6 15 15
9 16 16
10 18 18
6 20 20
11 18 18
12 22 18
14 25 13
8 17 17
14 14 14
14 22 15
14 24 16
14 19 14
8 16 16
6 23 23
5 15 15
13 22 16
5 20 20
13 19 19
13 23 20
14 19 17
11 22 20
14 23 16
11 29 19
14 20 15
12 17 17
14 16 16
7 24 24
6 15 15
8 25 25
14 24 12
7 20 20
13 16 16
12 14 14
13 31 18
9 23 22
11 20 20
9 24 24
5 26 26
8 16 16
10 17 17
5 22 22
14 21 16
8 21 21
7 25 25
11 24 23
7 24 24
7 27 27
9 18 18
8 16 16
7 19 19
11 19 19
6 20 20
8 19 19
13 21 21
12 20 20
8 22 22
12 18 18
14 17 17
9 15 15
10 25 25
12 22 20
10 14 14
7 23 23
11 21 21
9 15 15
10 16 16
8 21 21
10 18 18
14 25 16
11 28 23
5 23 23
14 31 13
8 18 18
8 20 20
8 27 27
8 16 16
10 25 23
7 23 23
9 18 18
6 17 17
7 23 23
7 16 16
14 16 15
8 23 23
10 14 14
6 19 19
9 20 20
10 22 22
11 20 20
6 22 22
14 30 18
11 7 7
8 19 19
13 16 16
9 13 13
7 20 20
13 25 15
12 22 17
6 21 21
11 20 20
6 24 24
12 22 21
7 19 19
7 26 26
9 20 20
14 26 14
9 20 20
7 22 22
6 20 20
5 22 22
14 11 11
11 18 18
8 29 27
10 16 16
8 22 22
12 18 18
11 28 23
9 24 24
10 22 20
13 21 18
6 18 18
14 24 15
12 20 18
7 16 16
6 29 29
10 20 20
12 23 18
8 32 28
10 15 15
8 23 23
14 18 16
7 16 16
6 20 20
11 27 24
13 24 15
14 22 16
14 16 16
6 23 23
5 13 13
8 14 14
6 25 25
8 24 24
11 14 14
9 26 26
11 24 24
12 19 19
14 19 13
7 18 18
6 23 23
10 26 26
7 17 17
6 17 17
12 20 20
9 19 19
11 19 19
8 14 14
12 17 17
9 16 16
14 17 14
5 18 18
8 25 25
7 20 20
12 18 18
6 25 25
6 22 22
7 18 18
10 11 11
11 18 18
6 12 12
8 25 25
6 16 16
5 26 26
7 18 18
12 10 10
13 22 18
6 21 21
12 26 17
11 21 21
10 24 22
7 18 18
7 18 18
8 28 28
13 19 17
6 19 19
10 23 22
7 21 21
7 16 16
10 17 17
10 19 19
9 18 18
8 15 15
8 18 18
14 26 18
13 17 17
11 23 23
12 24 21
10 12 12
5 22 22
8 27 25
10 20 20
5 14 14
6 22 22
7 27 27
8 16 16
9 25 25
12 17 17
7 10 10
9 20 20
7 19 19
12 25 19
13 18 17
12 27 22
9 25 25
14 29 16
8 17 17
13 23 17
14 17 13
12 20 20
10 23 22
6 21 21
14 23 19
8 20 20
6 15 15
9 18 18
7 17 17
12 22 18
11 24 21
7 23 23
11 19 19
11 18 18
6 20 20
7 16 16
9 15 15
12 23 23
8 29 26
6 24 24
13 20 18
8 13 13
8 20 20
14 20 15
14 25 12
6 26 26
12 28 22
11 18 18
9 25 25
12 18 18
13 20 18
11 19 19
14 16 12
12 15 15
9 18 18
11 14 14
14 19 14
11 34 22
9 27 26
5 18 18
5 14 14
9 28 25
13 11 11
14 14 14
9 23 23
7 23 23
8 18 18
12 22 22
8 24 24
12 15 15
14 17 13
11 25 19
11 22 20
5 20 20
5 12 12
13 20 20
10 24 23
9 21 21
13 12 12
9 27 27
13 22 18
7 25 25
13 14 14
13 16 16
14 16 16
8 29 29
8 24 24
12 18 18
14 20 13
13 16 16
13 31 17
8 19 19
6 13 13
6 25 25
7 18 18
11 15 15
11 15 15
10 15 15
7 15 15
5 29 29
8 14 14
12 19 18
9 28 27
14 15 13
11 24 24
8 20 20
7 21 21
6 16 16
11 25 23
6 26 26
8 22 22
14 20 16
7 27 27
8 24 24
8 29 26
13 23 20
10 18 18
9 11 11
9 24 24
7 34 28
9 33 27
7 24 24
11 26 20
8 17 17
10 12 12
8 19 19
6 17 17
12 18 18
5 18 18
14 24 14
6 25 25
10 17 17
5 15 15
14 20 16
11 13 13
12 14 14
10 19 19
6 21 21
13 22 20
9 18 18
7 14 14
13 24 17
12 19 19
5 24 24
6 20 20
13 15 14
11 13 13
10 12 12
11 18 18
11 24 23
9 16 16
5 19 19
7 17 17
5 22 22
14 25 14
7 20 20
12 23 21
7 10 10
9 12 12
10 22 22
13 16 16
5 21 21
7 20 20
13 21 16
8 20 20
10 17 17
14 29 15
6 21 21
8 13 13
7 27 27
13 25 17
8 21 21
11 22 22
9 24 24
9 15 15
5 24 24
5 20 20
11 18 18
13 24 21
7 18 18
13 21 21
8 22 22
5 28 28
8 25 25
6 25 25
6 24 24
7 20 20
14 22 16
7 15 15
11 21 21
10 18 18
9 17 17
5 21 21
5 16 16
10 18 18
10 14 14
8 18 18
6 18 18
7 18 18
6 26 26
9 24 24
5 16 16
11 15 15
5 16 16
11 22 22
13 22 16
14 22 20
7 23 23
5 19 19
8 22 22
7 27 27
13 23 17
12 16 16
9 25 25
13 15 15
10 16 16
14 24 13
8 22 22
7 18 18
6 15 15
11 26 21
13 27 17
13 23 21
12 20 18
5 21 21
8 18 18
9 15 15
8 17 17
12 22 22
5 26 26
8 31 27
13 22 16
10 15 15
11 18 18
9 16 16
12 24 19
7 25 25
9 28 26
12 24 20
11 14 14
8 20 20
9 19 19
6 24 24
6 19 19
12 18 18
6 21 21
8 21 21
7 26 26
11 21 21
10 20 20
8 14 14
9 11 11
9 16 16
13 17 17
12 20 20
9 17 17
11 20 20
14 14 14
7 12 12
11 20 20
10 22 22
8 16 16
14 21 13
14 18 13
14 21 18
14 23 15
13 18 18
8 18 18
7 24 24
5 10 10
5 31 31
6 16 16
13 15 15
7 26 26
9 10 10
14 14 14
13 21 16
11 16 16
13 28 17
7 20 20
9 18 18
9 31 25
14 23 14
11 24 22
5 22 22
9 18 18
5 20 20
12 25 19
14 19 13
14 21 19
11 24 20
7 21 21
10 22 22
6 14 14
11 30 23
6 23 23
9 22 22
11 13 13
13 17 17
8 14 14
6 23 23
9 22 22
6 20 20
14 17 16
8 24 24
7 19 19
10 25 25
6 21 21
12 21 20
12 20 18
7 14 14
14 24 15
12 24 23
5 16 16
7 24 24
14 21 13
13 17 17
14 24 17
5 21 21
10 16 16
14 15 15
7 25 25
12 16 16
6 20 20
6 19 19
13 18 17
14 19 14
7 20 20
5 22 22
10 14 14
11 22 22
14 18 17
10 17 17
10 20 20
11 22 22
9 24 24
9 30 26
5 24 24
10 16 16
7 19 19
8 21 21
8 17 17
7 23 23
5 29 29
8 21 21
14 12 12
6 20 20
10 21 21
6 17 17
12 22 17
6 20 20
7 17 17
14 17 16
11 21 20
10 20 20
13 11 11
6 16 16
10 24 22
14 20 17
9 13 13
14 16 16
13 26 18
7 24 24
6 28 28
9 20 20
5 23 23
7 25 25
8 18 18
5 15 15
14 25 16
13 17 17
5 19 19
6 16 16
14 19 19
14 21 18
8 19 19
5 14 14
12 17 17
9 17 17
10 23 23
6 26 26
7 21 21
10 11 11
14 31 17
11 31 22
9 15 15
8 15 15
14 22 18
7 19 19
14 17 15
11 21 20
5 22 22
14 18 13
12 14 14
14 17 15
10 17 17
10 25 24
13 28 18
12 17 17
11 16 16
8 24 24
12 24 21
14 13 13
9 17 17
9 25 24
14 10 10
14 15 12
14 20 14
14 26 20
13 18 18
11 16 16
11 15 15
9 23 23
8 19 19
14 18 16
14 20 18
8 23 23
11 29 23
10 22 22
11 25 25
7 12 12
9 14 14
6 18 18
12 21 18
5 20 20
14 15 14
11 29 18
13 18 18
14 18 13
10 19 19
5 19 19
9 29 27
14 25 14
9 18 18
8 22 22
9 26 26
13 24 20
13 24 16
14 21 15
6 21 21
12 25 20
14 14 14
8 19 19
8 16 16
12 25 20
13 16 16
10 22 22
12 19 19
12 17 17
6 17 17
10 20 20
9 22 22
6 24 24
11 23 21
8 19 19
8 24 24
10 29 26
10 21 21
9 19 19
8 19 19
6 23 23
5 17 17
7 20 20
5 17 17
5 21 21
9 15 15
11 22 22
14 21 16
7 17 17
9 23 23
7 14 14
11 21 21
8 14 14
14 19 15
8 20 20
13 21 21
14 24 13
7 21 21
12 20 20
10 22 22
9 15 15
9 19 19
9 20 20
13 17 17
11 21 21
12 23 18
14 17 17
7 21 21
10 30 23
5 19 19
8 19 19
7 13 13
8 20 20
11 17 17
14 23 13
7 19 19
8 21 21
11 17 17
13 15 15
9 10 10
9 25 25
10 22 22
10 19 19
5 18 18
14 17 17
6 27 27
9 25 25
14 15 15
7 23 23
11 26 21
7 19 19
11 15 15
14 24 12
12 20 20
10 19 19
11 17 17
5 16 16
10 20 20
8 22 22
8 18 18
10 16 16
9 20 20
6 25 25
6 27 27
11 16 16
5 14 14
10 19 19
6 16 16
13 21 18
13 18 15
9 12 12
5 23 23
10 26 24
13 20 17
11 21 21
9 23 23
8 18 18
11 20 20
14 24 13
7 22 22
6 23 23
11 13 13
13 13 13
12 18 17
7 23 23
9 22 22
14 18 15
7 20 20
10 20 20
14 19 17
10 20 20
7 19 19
5 16 16
11 22 22
8 18 18
13 18 16
6 19 19
6 22 22
14 20 13
12 24 17
9 26 23
10 22 22
9 21 21
9 21 21
5 19 19
7 21 21
5 20 20
6 15 15
12 20 20
7 22 22
9 18 18
5 30 30
12 16 16
13 23 19
13 25 17
11 28 23
14 19 18
11 24 24
11 23 23
12 24 17
9 22 22
14 19 16
8 31 30
7 18 18
10 21 21
11 25 22
10 29 24
10 20 20
12 17 17
11 21 19
9 24 24
5 16 16
10 22 22
5 18 18
10 22 22
5 15 15
14 26 15
7 15 15
9 21 21
10 28 26
5 22 22
8 17 17
14 30 18
10 20 20
5 22 22
5 25 25
7 21 21
7 16 16
14 16 16
14 23 17
6 22 22
7 22 22
11 22 19
7 21 21
6 25 25
10 24 23
11 26 21
12 16 16
6 12 12
10 15 15
6 16 16
7 17 17
14 21 18
5 15 15
6 17 17
10 19 19
8 21 21
9 23 23
5 16 16
8 15 15
8 23 23
13 21 17
10 20 20
12 14 14
9 18 18
14 18 14
6 14 14
11 19 19
7 26 26
8 25 25
5 21 21
14 19 14
7 20 20
7 18 18
5 18 18
6 20 20
10 23 23
5 17 17
8 21 21
10 17 17
9 22 22
14 15 15
14 23 16
6 20 20
14 23 16
9 14 14
7 18 18
6 27 27
13 14 14
14 24 20
6 17 17
11 25 21
14 13 13
6 15 15
13 19 18
8 17 17
5 19 19
10 18 18
5 25 25
9 26 25
5 22 22
10 25 22
11 14 14
13 14 14
14 20 17
9 29 24
11 27 19
13 22 16
12 19 19
14 27 14
10 10 10
12 18 18
7 25 25
7 24 24
7 10 10
10 15 15
7 21 21
9 11 11
10 16 16
5 17 17
5 17 17
13 17 17
11 24 18
10 17 17
7 27 27
6 24 24
7 14 14
9 19 19
11 20 20
6 12 12
8 14 14
11 21 20
6 18 18
6 17 17
10 20 20
13 16 16
10 20 20
9 17 17
6 20 20
7 14 14
13 17 17
7 20 20
6 15 15
6 22 22
6 18 18
10 21 21
11 15 15
6 23 23
12 17 17
9 22 22
13 14 14
5 24 24
9 18 18
6 15 15
13 19 19
5 20 20
6 15 15
11 18 18
6 16 16
9 16 16
9 20 20
5 25 25
13 20 20
9 16 16
12 19 19
11 27 20
11 15 15
11 18 18
6 21 21
14 16 13
10 18 18
14 21 13
7 21 21
10 26 22
8 10 10
12 17 17
6 19 19
12 24 20
13 13 13
8 18 18
6 16 16
8 22 22
10 19 19
5 23 23
11 20 20
7 24 24
6 23 23
12 24 20
11 24 22
10 17 17
8 18 18
13 19 19
6 22 22
7 13 13
12 25 22
6 24 24
6 18 18
9 19 19
7 21 21
13 23 15
14 30 16
7 13 13
5 17 17
12 20 19
8 21 21
7 19 19
13 26 20
5 21 21
7 18 18
6 17 17
6 18 18
10 18 18
6 24 24
10 13 13
7 28 28
13 17 17
10 23 23
10 15 15
10 19 19
14 15 15
11 20 20
11 31 22
10 28 26
14 13 13
8 14 14
14 20 16
11 23 23
14 13 13
10 19 19
14 11 11
9 23 23
13 24 18
5 16 16
14 16 14
14 20 14
13 21 18
9 18 18
9 24 24
7 25 25
8 19 19
10 22 22
7 27 27
11 16 16
6 22 22
11 22 22
5 18 18
7 19 19
14 14 14
9 16 16
14 19 16
12 24 21
13 33 18
8 23 23
8 12 12
11 15 15
9 22 22
7 20 20
9 17 17
14 20 17
5 24 24
14 18 15
9 21 21
6 21 21
5 19 19
13 26 16
8 14 14
8 28 25
6 26 26
9 20 20
11 24 19
5 16 16
7 19 19
5 23 23
11 19 19
8 17 17
12 20 19
8 21 21
6 23 23
12 21 19
8 20 20
13 17 17
8 16 16
9 21 21
8 17 17
9 27 23
12 21 18
14 25 15
10 16 16
5 19 19
13 28 16
9 19 19
13 14 14
13 19 19
12 22 21
8 23 23
7 16 16
12 16 16
11 16 16
7 22 22
14 22 17
6 15 15
14 11 11
14 24 15
12 12 12
6 19 19
7 16 16
8 15 15
10 22 22
10 13 13
5 20 20
7 18 18
13 16 16
12 25 22
14 19 17
9 21 21
7 13 13
5 24 24
6 11 11
7 22 22
11 14 14
9 27 27
6 23 23
14 26 22
12 20 19
11 15 15
5 27 27
8 20 20
5 13 13
9 11 11
13 23 20
6 25 25
7 17 17
12 16 16
12 15 15
6 19 19
12 18 18
7 20 20
8 21 21
12 15 15
10 20 20
5 17 17
13 22 21
7 26 26
10 16 16
11 24 23
14 23 16
13 10 10
10 30 24
9 19 19
9 31 27
9 13 13
11 25 24
9 16 16
9 20 20
10 28 22
8 19 19
10 33 23
6 18 18
5 24 24
13 20 16
5 17 17
13 18 18
14 25 16
10 19 19
13 23 18
13 22 16
5 23 23
5 19 19
12 19 17
12 11 11
12 27 19
13 26 15
14 21 14
10 23 23
12 13 13
7 17 17
14 22 18
10 21 21
13 13 13
11 20 20
7 29 29
9 22 22
13 20 18
7 17 17
13 15 15
12 22 21
14 23 16
7 20 20
11 20 20
5 21 21
11 18 18
11 25 19
7 12 12
6 20 20
14 16 14
12 17 17
5 28 28
14 22 16
10 30 23
9 13 13
6 26 26
9 18 18
12 21 19
11 18 18
5 15 15
8 20 20
8 28 26
10 22 22
5 21 21
9 26 26
9 21 21
12 21 19
8 23 23
5 24 24
8 29 28
12 25 20
10 20 20
8 22 22
6 18 18
11 12 12
13 17 17
13 18 18
13 21 19
9 24 24
11 21 21
7 25 25
10 13 13
6 16 16
7 12 12
14 16 16
8 20 20
7 14 14
5 11 11
11 20 20
12 24 18
13 20 17
12 17 17
13 29 20
12 27 19
9 16 16
12 22 17
10 33 26
7 21 21
13 21 19
9 14 14
7 26 26
14 32 16
9 20 20
6 15 15
12 22 22
13 20 18
10 17 17
11 18 18
12 20 20
10 15 15
13 11 11
8 25 25
14 24 16
11 14 14
9 17 17
7 14 14
10 17 17
12 19 18
9 12 12
9 17 17
7 22 22
8 21 21
12 18 18
9 23 23
11 21 21
11 13 13
11 19 19
10 25 25
10 17 17
8 23 23
12 22 20
7 17 17
6 16 16
7 19 19
5 26 26
6 22 22
12 15 15
5 19 19
9 20 20
5 22 22
8 33 25
12 21 19
13 20 17
8 24 24
7 22 22
5 29 29
12 27 20
8 19 19
13 32 22
10 20 20
13 17 16
13 18 18
13 12 12
11 13 13
7 21 21
11 26 24
14 16 16
5 13 13
8 24 24
7 29 28
11 19 19
9 26 26
5 23 23
11 21 21
10 26 23
6 19 19
10 21 21
9 18 18
8 16 16
5 20 20
13 19 19
9 22 22
14 20 14
6 20 20
5 19 19
14 19 17
12 22 20
13 21 17
8 10 10
11 20 20
9 18 18
9 23 23
9 18 18
11 21 21
6 25 25
12 14 14
8 20 20
11 23 23
11 17 17
9 31 28
9 29 26
14 10 10
10 22 22
6 21 21
13 18 18
8 19 19
14 28 16
13 22 18
6 20 20
14 15 15
6 22 22
13 26 21
10 24 22
10 19 19
14 17 16
14 25 14
14 20 18
14 14 14
5 24 24
5 23 23
8 17 17
14 22 18
10 22 22
6 15 15
11 13 13
6 28 28
9 21 21
14 17 17
12 23 20
7 23 23
12 13 13
14 17 15
10 15 15
11 23 23
14 19 15
9 29 25
12 16 16
6 12 12
12 27 19
14 17 13
10 21 21
11 25 24
8 21 21
14 17 13
10 31 23
6 22 22
14 19 16
9 22 22
5 19 19
9 18 18
12 30 21
5 22 22
13 14 14
11 18 18
6 18 18
10 24 24
12 20 19
7 20 20
14 17 13
14 22 20
7 15 15
14 25 15
10 23 22
12 15 15
10 17 17
14 25 14
12 21 19
6 15 15
6 11 11
13 27 20
11 19 19
12 28 19
10 27 24
14 17 17
10 21 21
13 17 15
12 15 15
13 25 15
14 27 17
13 16 16
11 15 15
11 21 20
8 24 24
10 23 23
11 18 18
9 31 25
8 19 19
5 13 13
12 23 19
12 23 19
7 28 28
13 20 16
10 20 20
11 25 21
6 16 16
14 23 20
14 18 14
7 20 20
11 19 19
8 20 20
7 23 23
8 28 28
8 16 16
10 21 21
13 19 17
11 21 19
13 27 20
9 19 19
13 19 19
14 16 16
9 22 22
12 20 20
13 17 17
10 21 21
12 16 16
14 23 14
8 28 27
9 20 20
10 22 22
6 20 20
7 21 21
11 28 22
13 19 19
9 19 19
9 22 22
5 16 16
11 19 19
9 28 27
9 23 23
13 26 17
14 10 10
11 16 16
9 9 9
11 20 20
14 22 17
12 27 17
10 26 23
7 21 21
12 14 14
5 26 26
9 21 21
7 22 22
14 18 18
12 20 19
9 30 30
8 22 22
10 25 25
11 16 16
9 19 19
6 23 23
5 13 13
8 11 11
6 22 22
13 20 19
10 13 13
5 20 20
6 24 24
10 21 21
6 27 27
10 22 22
13 24 20
13 24 16
8 17 17
5 18 18
10 23 23
5 12 12
6 14 14
10 26 23
5 17 17
6 20 20
10 21 21
5 14 14
6 17 17
14 24 17
7 18 18
8 21 21
13 19 19
13 21 20
14 26 17
7 22 22
8 19 19
12 15 15
11 15 15
8 18 18
11 29 24
7 18 18
11 24 22
6 21 21
13 16 16
7 19 19
11 23 23
11 27 21
11 26 22
12 19 17
11 22 22
12 24 21
9 19 19
6 19 19
12 17 17
13 14 14
6 26 26
12 22 21
5 18 18
13 28 18
5 18 18
14 16 13
7 19 19
13 23 21
12 18 18
9 23 23
14 22 15
10 17 17
14 23 19
12 19 18
13 23 16
14 26 16
12 29 18
8 18 18
11 19 19
14 19 19
13 19 17
10 18 18
13 16 16
10 25 23
9 22 22
9 16 16
7 12 12
13 18 18
8 19 19
12 21 20
14 14 14
13 24 18
14 22 17
11 15 15
10 18 18
7 19 19
13 28 20
9 21 21
13 13 13
6 18 18
14 17 17
11 13 13
14 22 15
12 18 18
9 21 21
14 21 14
13 23 17
10 16 16
11 17 17
12 20 19
5 22 22
5 20 20
9 19 19
6 21 21
10 14 14
12 30 20
14 26 14
5 23 23
11 17 17
7 20 20
11 12 12
12 22 20
5 21 21
9 17 17
12 22 22
6 19 19
14 21 15
7 20 20
6 18 18
7 18 18
10 22 22
5 16 16
9 14 14
9 14 14
11 22 22
11 23 23
5 19 19
6 16 16
14 17 13
6 17 17
10 26 26
7 26 26
11 18 18
14 22 18
5 24 24
7 18 18
14 28 15
11 25 22
10 23 23
9 23 23
11 20 20
6 22 22
10 17 17
14 24 16
8 13 13
13 20 17
11 21 20
9 25 25
10 19 19
7 21 21
6 15 15
13 18 18
6 21 21
8 15 15
5 15 15
6 20 20
12 26 21
7 16 16
10 21 21
13 21 20
9 20 20
13 25 19
10 16 16
7 20 20
14 12 12
8 24 24
7 19 19
6 24 24
14 18 14
12 23 20
13 27 17
12 23 16
10 15 15
11 26 20
7 22 22
10 13 13
7 15 15
10 18 18
9 20 20
10 15 15
8 22 22
12 25 20
5 24 24
7 17 17
14 22 15
12 20 20
7 21 21
7 20 20
11 15 15
9 20 20
11 24 21
14 15 15
7 19 19
5 28 28
6 17 17
9 22 22
7 30 30
7 23 23
12 17 17
6 27 27
5 29 29
7 23 23
10 19 19
10 27 23
13 17 17
10 20 20
12 21 18
7 15 15
7 9 9
12 33 25
10 23 23
7 13 13
6 20 20
12 25 17
14 20 16
5 11 11
7 21 21
11 21 20
5 20 20
14 12 12
13 23 17
12 19 19
14 19 13
12 29 23
9 19 19
12 14 14
8 26 26
6 15 15
13 20 18
11 14 14
7 25 25
13 18 14
5 23 23
5 17 17
12 14 14
9 24 23
13 19 19
7 20 20
6 20 20
14 19 15
7 24 24
12 22 18
10 15 15
7 18 18
6 30 30
7 16 16
12 30 24
10 20 20
11 20 20
8 18 18
8 23 23
11 29 20
7 15 15
8 18 18
10 20 20
6 21 21
12 18 18
6 19 19
12 28 22
13 17 17
7 19 19
5 23 23
10 24 24
7 19 19
12 22 21
7 19 19
8 18 18
11 23 23
14 17 16
11 20 20
9 25 25
6 23 23
12 20 20
8 16 16
9 19 19
8 16 16
11 20 20
13 22 15
13 24 16
11 15 15
6 13 13
11 15 15
8 21 21
5 16 16
10 15 15
10 30 23
12 13 13
11 19 19
11 13 13
5 24 24
12 20 20
5 24 24
11 19 19
7 19 19
13 14 14
5 24 24
10 21 21
5 22 22
8 19 19
5 24 24
8 13 13
5 20 20
11 20 20
10 19 19
8 23 23
10 19 19
10 18 18
13 21 15
9 14 14
14 13 13
13 20 16
8 26 26
7 17 17
8 15 15
12 16 16
8 22 22
13 21 21
11 25 25
8 18 18
12 24 23
14 13 13
14 24 15
5 18 18
9 27 27
6 21 21
9 21 21
5 21 21
5 22 22
9 23 23
14 18 14
6 22 22
14 29 16
9 26 25
7 19 19
5 17 17
5 20 20
10 11 11
14 17 14
8 23 23
13 14 14
14 24 20
12 23 20
5 23 23
5 31 31
12 24 24
12 26 24
10 19 19
14 20 20
9 17 17
6 23 23
10 27 23
8 22 22
7 17 17
13 25 19
12 18 18
11 19 19
11 25 20
5 29 29
9 17 17
5 21 21
14 15 13
10 25 22
8 19 19
13 19 19
8 21 21
6 18 18
14 23 18
5 26 26
11 22 22
13 23 20
8 16 16
6 18 18
5 17 17
6 25 25
8 23 23
12 24 21
10 21 21
13 22 18
10 26 24
13 22 17
8 16 16
10 19 19
6 30 30
12 20 19
9 11 11
9 22 22
10 18 18
9 22 22
9 23 23
10 11 11
8 10 10
12 20 19
14 20 12
7 21 21
12 27 17
12 27 18
7 14 14
14 15 15
7 23 23
12 18 18
14 24 16
5 17 17
11 28 25
13 19 17
11 13 13
14 17 14
13 10 10
6 24 24
7 22 22
11 26 21
9 20 20
6 27 27
13 22 18
9 19 19
8 25 25
13 19 17
13 20 17
13 14 14
6 22 22
13 26 17
10 24 24
5 19 19
12 20 19
13 18 17
6 16 16
6 17 17
12 15 15
5 19 19
13 19 19
6 18 18
5 17 17
8 22 22
9 17 17
7 12 12
9 13 13
11 21 21
14 16 13
11 20 20
6 15 15
7 17 17
7 23 23
8 18 18
8 21 21
10 20 20
5 16 16
14 21 17
5 27 27
9 13 13
10 19 19
13 21 21
13 28 19
9 23 23
8 24 24
6 26 26
14 18 18
13 24 18
13 15 15
8 11 11
11 18 18
5 28 28
12 11 11
9 21 21
5 13 13
14 21 19
6 21 21
7 18 18
12 16 16
14 21 19
14 20 19
8 16 16
5 17 17
10 14 14
5 17 17
9 24 24
9 19 19
12 20 19
13 17 17
7 23 23
11 20 18
14 21 17
7 16 16
6 25 25
8 19 19
10 30 27
8 29 27
5 21 21
8 22 22
14 17 15
7 18 18
8 28 26
11 22 22
6 22 22
7 20 20
13 22 16
5 20 20
9 23 23
11 12 12
5 23 23
8 17 17
6 17 17
6 23 23
12 18 16
14 21 19
12 19 17
13 22 17
12 13 13
8 27 27
13 17 17
8 19 19
5 24 24
8 14 14
14 16 16
10 14 14
8 24 24
14 17 13
9 20 20
14 20 18
7 26 26
14 23 14
10 21 21
10 22 22
5 23 23
13 17 15
5 24 24
13 23 21
8 21 21
9 20 20
5 22 22
7 17 17
11 26 19
14 21 17
5 15 15
5 16 16
13 15 15
5 26 26
13 13 13
10 18 18
9 19 19
9 20 20
10 21 21
12 22 20
11 26 18
9 22 22
9 20 20
5 22 22
6 24 24
6 27 27
14 22 15
10 18 18
6 18 18
10 25 25
8 13 13
13 21 21
6 23 23
7 18 18
11 21 20
5 21 21
13 15 15
14 17 15
5 22 22
10 19 19
10 18 18
14 19 17
8 23 23
9 17 17
8 23 23
13 23 16
8 17 17
11 22 20
5 17 17
9 17 17
8 14 14
11 22 21
12 21 19
8 16 16
13 17 17
8 25 25
7 23 23
9 17 17
14 21 14
7 18 18
14 23 15
11 15 15
6 17 17
10 24 23
12 15 15
10 14 14
7 19 19
13 21 21
14 15 15
14 25 16
13 14 14
12 26 18
11 19 19
9 25 25
6 22 22
14 22 18
8 31 30
12 21 21
8 15 15
14 26 18
7 18 18
13 19 17
10 22 22
10 18 18
8 13 13
14 22 16
11 15 15
9 20 20
7 25 25
9 21 21
12 17 17
8 19 19
7 19 19
8 15 15
9 22 22
8 25 25
5 21 21
6 22 22
12 23 20
14 23 16
5 14 14
13 20 20
10 15 15
7 14 14
8 24 24
11 20 20
12 19 19
14 12 12
14 21 21
5 20 20
7 22 22
13 22 17
13 21 15
13 16 15
10 27 24
10 26 25
9 19 19
9 15 15
12 21 17
10 21 21
9 16 16
7 28 28
9 23 23
9 17 17
9 25 25
10 23 23
12 24 20
6 23 23
8 19 19
8 19 19
8 19 19
11 18 18
9 17 17
5 27 27
11 12 12
5 20 20
11 20 20
14 15 15
9 29 25
8 17 17
8 15 15
9 17 17
12 18 18
7 20 20
11 23 21
13 24 17
7 27 27
11 30 18
14 19 18
6 20 20
7 15 15
8 22 22
9 27 24
14 27 16
11 14 14
7 22 22
10 18 18
9 19 19
5 28 28
12 17 17
9 23 23
11 28 22
10 24 22
5 21 21
11 32 21
6 19 19
7 20 20
10 23 21
9 15 15
13 15 15
7 17 17
14 20 17
12 18 18
14 14 14
10 23 23
5 14 14
10 23 23
13 16 16
14 20 14
6 21 21
9 26 26
7 15 15
10 21 21
10 25 22
12 15 15
13 22 20
7 26 26
10 25 25
6 26 26
14 16 13
10 12 12
6 25 25
7 14 14
10 21 21
10 26 26
8 20 20
10 26 25
6 20 20
14 15 15
12 20 20
13 11 11
5 21 21
9 18 18
7 16 16
9 26 26
14 28 14
11 26 19
5 22 22
14 19 15
11 25 20
13 22 16
12 23 21
12 25 16
11 23 20
10 21 21
14 22 15
12 19 19
7 21 21
6 16 16
13 16 16
11 14 14
9 12 12
14 20 16
6 27 27
13 15 15
9 15 15
14 25 14
11 30 20
14 22 13
10 22 22
8 24 24
11 25 20
13 20 19
14 23 17
13 18 18
9 19 19
11 27 21
9 18 18
9 23 23
11 16 16
14 17 17
13 24 20
11 27 21
5 26 26
8 15 15
13 18 18
14 18 17
11 19 19
13 23 18
7 20 20
14 21 15
7 20 20
6 19 19
7 14 14
14 25 17
10 23 23
13 18 16
12 20 20
8 22 22
8 18 18
14 19 15
7 17 17
11 18 18
11 25 21
6 15 15
13 13 13
6 18 18
8 28 28
14 25 15
6 25 25
9 24 24
12 23 21
9 18 18
12 19 19
11 14 14
14 16 16
10 16 16
6 28 28
11 27 23
6 19 19
11 17 17
9 19 19
14 15 15
5 13 13
9 24 24
13 18 18
5 23 23
8 19 19
10 15 15
7 13 13
8 13 13
7 9 9
8 16 16
9 15 15
10 19 19
9 13 13
5 22 22
9 14 14
14 24 18
8 24 24
8 17 17
5 17 17
5 21 21
14 18 18
14 21 17
14 20 15
6 13 13
6 21 21
5 21 21
11 13 13
10 16 16
6 21 21
7 16 16
12 11 11
8 23 23
7 25 25
11 19 19
11 19 19
12 21 19
13 8 8
10 19 19
12 11 11
5 21 21
9 21 21
5 15 15
13 19 18
11 20 20
5 35 33
8 19 19
5 30 30
6 27 27
14 22 16
13 27 21
5 19 19
7 18 18
13 29 19
13 20 17
9 16 16
6 23 23
9 18 18
13 19 16
8 22 22
7 10 10
8 15 15
7 14 14
13 17 17
12 15 15
8 16 16
5 26 26
13 17 14
10 21 21
14 17 17
14 20 15
8 15 15
6 18 18
7 11 11
9 20 20
10 23 23
10 17 17
7 15 15
6 18 18
8 26 26
6 21 21
10 24 24
12 19 19
13 15 15
13 19 17
6 20 20
14 23 16
8 13 13
6 15 15
5 24 24
13 21 20
8 21 21
7 25 25
8 17 17
10 18 18
5 13 13
13 23 21
12 17 17
14 15 15
7 22 22
11 30 22
13 30 18
6 16 16
10 12 12
14 21 13
9 13 13
6 19 19
6 16 16
7 17 17
9 17 17
13 26 17
6 18 18
10 22 22
8 18 18
6 12 12
14 19 15
6 19 19
12 17 17
12 23 19
5 15 15
10 31 22
5 16 16
13 25 19
11 16 16
10 24 22
12 27 23
8 17 17
5 21 21
6 21 21
9 22 22
13 16 16
7 15 15
10 15 15
10 20 20
9 19 19
5 23 23
5 16 16
5 22 22
10 25 23
12 20 20
11 10 10
11 30 22
8 23 23
7 19 19
10 18 18
8 15 15
13 20 18
14 12 12
11 24 21
5 26 26
11 24 22
10 19 19
11 25 24
7 22 22
13 21 16
6 26 26
13 14 14
7 17 17
8 21 21
6 31 31
5 20 20
14 9 9
8 23 23
10 13 13
5 16 16
10 20 20
6 15 15
8 15 15
7 19 19
8 22 22
13 16 16
13 21 16
6 26 26
9 16 16
6 26 26
5 16 16
8 27 27
10 19 19
13 18 18
13 21 17
14 20 17
7 24 24
7 21 21
7 23 23
10 18 18
6 23 23
6 24 24
11 15 15
12 22 18
9 19 19
12 15 15
10 13 13
7 19 19
10 15 15
12 20 20
11 14 14
13 21 18
7 10 10
9 22 22
10 18 18
11 18 18
10 19 19
10 21 21
10 23 23
12 24 22
10 26 23
9 20 20
12 17 17
8 11 11
5 18 18
10 22 22
14 17 17
12 15 15
8 17 17
11 17 17
5 19 19
12 17 17
10 25 25
6 20 20
8 20 20
14 28 19
7 13 13
13 21 18
10 17 17
9 19 19
14 22 17
9 24 24
5 24 24
11 16 16
7 16 16
14 19 16
6 23 23
12 20 20
6 23 23
7 20 20
7 22 22
8 20 20
10 21 21
8 17 17
7 25 25
13 19 18
6 20 20
8 10 10
7 33 33
14 22 13
10 13 13
13 25 16
13 19 19
6 25 25
5 23 23
14 21 15
5 19 19
10 25 22
5 13 13
12 20 19
12 23 17
7 17 17
9 18 18
8 18 18
14 16 16
6 21 21
7 17 17
11 19 19
6 19 19
9 19 19
8 17 17
13 29 18
7 26 26
6 19 19
14 27 16
11 20 20
14 24 15
10 16 16
11 23 21
7 16 16
10 25 25
13 18 16
12 17 17
7 22 22
13 15 15
9 20 20
13 15 15
11 16 16
12 25 19
14 24 16
5 24 24
12 14 14
9 16 16
9 24 24
13 20 19
14 25 20
5 15 15
11 20 20
7 15 15
13 29 21
10 30 23
8 19 19
10 25 22
10 17 17
8 14 14
13 20 18
10 36 26
12 23 20
9 28 25
7 29 29
9 24 24
13 20 18
8 20 20
9 10 10
14 19 18
12 26 20
12 18 18
14 27 15
12 24 20
14 23 16
6 16 16
12 22 19
14 18 18
5 25 25
9 15 15
8 15 15
9 19 19
14 16 16
7 19 19
11 30 21
10 25 25
6 14 14
5 11 11
5 19 19
10 21 21
10 30 22
5 17 17
12 16 16
13 18 18
12 17 17
12 24 17
5 26 26
6 12 12
13 18 18
7 24 24
6 15 15
14 18 15
13 22 18
6 18 18
7 31 28
9 21 21
13 28 20
6 16 16
5 28 28
6 20 20
12 15 15
10 23 23
5 21 21
9 18 18
14 17 13
12 18 18
6 20 20
12 23 19
8 22 22
10 18 18
11 21 21
14 15 15
5 25 25
8 13 13
8 29 29
14 16 16
10 18 18
10 22 22
14 22 15
14 21 19
9 19 19
14 28 13
13 19 16
8 17 17
6 23 23
8 17 17
8 22 22
12 18 18
11 26 21
7 20 20
7 19 19
5 17 17
10 23 23
11 24 24
14 19 17
13 22 17
14 19 16
11 20 19
9 21 21
10 12 12
12 23 20
13 20 19
10 19 19
10 16 16
5 17 17
6 17 17
5 23 23
6 25 25
13 19 18
5 13 13
12 23 18
13 20 16
5 21 21
14 20 15
7 25 25
5 17 17
7 22 22
6 13 13
10 24 24
6 18 18
7 20 20
6 15 15
7 18 18
5 16 16
7 22 22
12 24 20
10 10 10
12 17 17
5 19 19
5 18 18
5 24 24
9 19 19
12 14 14
13 16 16
11 25 25
5 20 20
7 22 22
9 23 23
10 17 17
11 26 23
11 19 19
9 22 22
12 22 21
9 20 20
14 13 13
8 19 19
13 19 16
14 19 16
9 16 16
10 16 16
12 13 13
7 23 23
5 21 21
9 16 16
14 19 15
5 11 11
13 27 17
6 12 12
9 25 25
9 26 25
9 26 24
11 21 21
10 19 19
6 22 22
11 14 14
10 25 24
13 15 15
10 25 24
8 20 20
10 18 18
5 15 15
14 19 14
10 15 15
14 23 14
5 17 17
11 23 20
8 19 19
6 17 17
5 14 14
10 23 22
6 25 25
11 27 23
5 14 14
12 19 18
13 28 18
12 23 23
10 29 25
6 24 24
7 22 22
11 22 22
5 18 18
13 13 13
5 21 21
6 19 19
14 17 16
9 23 23
5 22 22
7 26 26
5 21 21
14 15 15
5 24 24
6 29 29
14 18 14
10 26 24
10 25 23
7 19 19
13 25 18
14 17 15
13 22 15
9 27 25
7 10 10
14 21 16
8 21 21
10 11 11
8 15 15
11 25 20
5 29 29
12 16 16
10 20 20
9 20 20
6 15 15
14 21 14
14 17 15
10 13 13
11 18 18
11 19 19
14 24 14
9 20 20
10 15 15
5 17 17
5 26 26
7 16 16
11 18 18
7 19 19
7 16 16
10 16 16
5 20 20
13 15 15
5 20 20
10 15 15
8 23 23
13 12 12
10 29 25
13 17 17
9 20 20
13 25 16
7 17 17
11 24 23
13 18 18
14 19 19
8 23 23
9 13 13
14 12 12
10 26 24
13 19 15
6 13 13
12 22 18
14 20 18
12 27 20
5 21 21
12 17 17
8 18 18
7 28 28
8 23 23
8 18 18
8 19 19
10 17 17
13 16 16
11 19 19
8 16 16
13 25 17
10 20 20
10 22 22
14 25 14
8 20 20
14 25 13
12 15 15
10 18 18
8 22 22
9 16 16
7 21 21
13 22 16
14 20 17
8 27 26
7 21 21
14 27 14
8 17 17
7 11 11
9 21 21
8 27 27
14 21 14
5 13 13
9 18 18
8 20 20
13 26 19
10 25 21
10 22 22
6 21 21
5 19 19
12 23 20
7 20 20
12 19 19
14 15 15
10 21 21
14 21 14
12 17 17
9 16 16
8 24 24
10 22 22
5 24 24
10 23 23
14 18 18
6 22 22
6 21 21
10 17 17
14 13 13
9 18 18
13 12 12
9 21 21
12 21 17
10 21 21
5 26 26
7 21 21
10 19 19
10 23 22
6 25 25
10 17 17
13 20 20
9 19 19
12 14 14
10 23 23
14 15 15
5 14 14
8 26 26
8 21 21
6 20 20
9 23 23
11 28 21
14 26 14
5 16 16
6 20 20
6 16 16
7 16 16
8 12 12
14 28 14
9 17 17
14 17 17
11 19 19
13 15 15
14 19 18
11 19 19
5 22 22
13 18 18
5 19 19
7 17 17
13 21 20
8 15 15
12 11 11
6 21 21
8 20 20
7 21 21
7 15 15
11 27 22
14 15 15
10 16 16
5 24 24
14 13 13
12 22 20
13 15 14
14 19 14
9 26 26
11 19 19
6 19 19
5 21 21
7 17 17
12 14 14
5 21 21
6 20 20
7 17 17
11 24 23
13 17 17
5 23 23
10 23 23
8 21 21
12 24 18
12 17 17
6 28 28
14 10 10
6 19 19
13 19 19
10 25 23
6 25 25
5 18 18
14 23 14
14 21 16
12 31 18
10 21 21
13 22 22
6 13 13
5 17 17
8 16 16
10 21 21
11 24 20
13 23 17
11 25 24
12 19 19
7 14 14
11 21 21
14 22 13
6 15 15
10 15 15
9 14 14
11 22 22
10 21 21
13 27 18
12 15 15
12 16 16
14 23 12
13 20 19
14 23 16
13 18 17
7 12 12
10 20 20
7 19 19
14 19 15
13 20 19
5 22 22
8 26 26
8 14 14
6 19 19
10 21 21
11 27 21
5 26 26
11 20 20
13 15 15
9 26 26
5 24 24
12 22 19
14 22 16
8 25 25
14 19 15
11 20 20
6 20 20
7 16 16
13 15 15
14 16 14
13 13 13
5 24 24
9 16 16
6 20 20
12 27 20
9 8 8
13 19 15
8 16 16
5 19 19
12 17 17
10 25 25
13 23 16
12 14 14
9 25 25
13 24 18
11 19 19
13 17 17
11 14 14
11 21 21
14 21 20
10 12 12
12 15 15
9 17 17
14 16 14
6 25 25
8 17 17
7 17 17
13 17 17
6 22 22
6 34 32
13 18 18
10 12 12
12 23 19
12 15 15
8 20 20
14 18 14
10 22 22
13 24 17
5 24 24
11 21 21
9 23 23
13 23 21
11 24 18
14 18 17
13 21 17
6 25 25
7 24 24
8 16 16
7 22 22
12 24 18
11 16 16
12 12 12
12 16 16
13 22 18
6 16 16
5 15 15
11 23 19
13 23 15
10 18 18
5 19 19
8 16 16
7 28 28
5 16 16
9 16 16
11 24 20
6 27 27
9 15 15
13 20 20
5 13 13
6 14 14
8 15 15
9 36 29
8 22 22
6 24 24
13 21 17
10 22 22
12 20 19
11 20 19
7 23 23
11 22 20
8 23 23
6 20 20
5 26 26
13 17 17
6 32 31
12 16 16
6 25 25
9 22 22
13 23 15
11 25 21
13 12 12
9 17 17
5 25 25
10 17 17
11 23 20
8 16 16
13 17 17
8 12 12
13 19 19
8 20 20
5 18 18
6 13 13
10 15 15
8 19 19
11 18 18
13 26 22
7 16 16
12 18 17
13 26 20
9 18 18
5 20 20
12 14 14
10 26 23
13 17 16
6 17 17
11 24 24
6 17 17
14 20 12
11 15 15
5 17 17
5 19 19
13 22 16
8 18 18
11 20 20
12 32 20
8 24 24
13 17 17
7 21 21
6 24 24
7 14 14
6 20 20
11 28 21
9 21 21
8 19 19
7 18 18
9 14 14
9 20 20
5 20 20
14 22 20
12 21 19
9 25 25
9 27 24
10 16 16
11 22 21
6 21 21
11 19 19
10 21 21
14 22 13
14 21 15
8 25 25
12 22 22
13 22 20
9 22 22
14 19 14
11 20 20
14 31 15
14 18 16
7 14 14
10 14 14
7 15 15
8 16 16
5 20 20
6 22 22
11 21 20
5 19 19
10 22 22
7 21 21
11 22 21
11 26 20
6 23 23
10 19 19
14 19 18
13 18 16
6 18 18
11 21 21
7 30 30
11 21 21
10 18 18
12 17 17
12 17 17
8 20 20
7 25 25
6 16 16
11 11 11
12 20 20
11 18 18
14 18 15
8 21 21
12 26 19
7 21 21
9 23 23
10 18 18
5 23 23
6 17 17
10 14 14
13 21 18
6 16 16
11 21 21
14 19 13
14 22 16
13 24 16
14 16 13
10 16 16
14 17 17
13 17 17
10 21 21
5 23 23
9 17 17
7 19 19
6 21 21
5 21 21
12 19 18
7 24 24
12 21 17
6 24 24
9 16 16
14 16 13
9 16 16
9 10 10
11 17 17
14 18 14
7 23 23
5 16 16
5 20 20
13 23 17
12 17 17
11 20 20
6 15 15
8 24 24
6 23 23
8 9 9
12 24 22
11 17 17
11 22 21
5 16 16
12 20 20
10 15 15
14 27 17
7 20 20
9 18 18
12 17 17
9 22 22
9 19 19
12 24 23
9 15 15
7 20 20
12 22 20
9 29 24
9 19 19
13 24 16
5 14 14
13 22 17
8 16 16
13 27 19
13 19 19
14 21 18
10 19 19
10 12 12
6 19 19
9 22 22
10 17 17
6 25 25
5 22 22
8 32 27
13 19 19
14 30 15
8 22 22
11 23 22
14 18 13
5 17 17
5 24 24
8 21 21
11 24 24
14 24 14
9 14 14
5 16 16
5 20 20
11 16 16
11 15 15
6 18 18
13 15 15
13 14 14
6 23 23
12 22 19
5 19 19
12 24 16
5 17 17
5 20 20
5 24 24
12 18 18
8 23 23
9 22 22
8 24 24
10 23 23
13 30 19
5 24 24
10 14 14
13 16 16
9 22 22
8 24 24
13 28 19
8 20 20
5 20 20
9 23 23
12 16 16
12 25 19
14 15 15
13 30 18
10 17 17
5 22 22
13 13 13
7 13 13
7 12 12
5 19 19
12 16 16
7 23 23
13 14 14
9 19 19
10 21 21
7 23 23
5 25 25
13 26 20
14 24 17
5 15 15
6 20 20
5 19 19
13 21 17
10 24 24
11 15 15
5 21 21
5 18 18
9 23 23
9 23 23
14 26 15
9 19 19
8 21 21
7 24 24
8 22 22
12 19 19
5 12 12
9 20 20
5 22 22
9 14 14
10 18 18
5 17 17
5 19 19
8 11 11
14 13 13
12 16 16
12 22 17
13 22 18
11 23 19
14 25 18
9 24 24
7 19 19
14 18 13
7 16 16
7 25 25
11 9 9
6 16 16
11 19 19
5 19 19
14 23 13
11 14 14
8 23 23
13 21 15
9 16 16
10 14 14
9 16 16
13 21 14
7 25 25
7 19 19
14 9 9
13 24 18
7 18 18
13 14 14
12 16 16
14 21 15
5 20 20
5 28 28
5 19 19
5 22 22
6 19 19
6 29 29
11 25 22
14 20 13
11 25 23
9 15 15
14 15 15
6 20 20
5 14 14
10 18 18
7 28 28
14 20 20
6 27 27
7 11 11
11 28 21
11 23 23
5 20 20
12 20 19
11 23 20
5 18 18
5 17 17
5 21 21
14 10 10
9 21 21
6 13 13
11 14 14
8 12 12
11 29 21
12 13 13
11 24 23
6 22 22
6 18 18
14 20 16
7 12 12
13 18 18
14 25 19
12 19 19
5 21 21
13 23 17
11 19 19
6 19 19
7 25 25
11 12 12
11 15 15
11 26 21
9 17 17
6 20 20
10 26 24
9 17 17
8 23 23
11 15 15
11 24 21
9 22 22
7 21 21
12 26 23
12 18 18
5 21 21
9 23 23
5 16 16
11 17 17
8 23 23
5 21 21
12 16 16
8 23 23
5 23 23
7 18 18
14 11 11
12 16 16
5 16 16
9 21 21
5 25 25
7 16 16
5 22 22
12 28 19
9 16 16
5 13 13
11 18 18
13 22 18
8 25 25
14 23 13
13 27 18
5 18 18
8 24 24
8 24 24
6 14 14
13 23 21
7 15 15
10 19 19
10 22 22
13 23 17
10 32 21
11 21 20
12 18 18
13 17 16
7 16 16
8 13 13
8 13 13
7 17 17
7 20 20
8 14 14
8 12 12
11 17 17
13 26 18
8 17 17
5 18 18
6 21 21
9 21 21
8 18 18
11 14 14
13 18 17
11 20 20
6 24 24
10 34 22
8 21 21
12 20 20
12 22 22
9 15 15
9 14 14
13 23 18
11 23 23
11 25 24
11 15 15
7 22 22
13 30 16
9 21 21
10 20 20
5 23 23
7 21 21
10 23 23
12 23 20
10 16 16
6 18 18
13 22 21
9 21 21
14 20 16
6 19 19
12 16 16
8 22 22
11 15 15
13 23 19
11 22 21
9 17 17
10 13 13
8 20 20
8 24 24
14 24 13
10 17 17
7 18 18
13 19 19
8 18 18
7 22 22
8 22 22
6 14 14
14 19 15
13 23 16
5 18 18
7 22 22
11 23 22
9 19 19
11 18 18
11 21 21
13 20 16
14 16 14
14 14 14
13 17 17
8 26 26
12 21 17
14 21 17
10 20 20
9 17 17
13 26 19
7 20 20
13 13 13
10 15 15
13 12 12
8 23 23
11 26 23
14 23 16
5 26 26
6 20 20
8 32 26
6 18 18
11 18 18
13 12 12
10 16 16
13 30 20
9 21 21
14 15 15
14 22 16
6 15 15
6 11 11
14 21 17
6 16 16
13 10 10
5 20 20
5 19 19
14 16 16
7 16 16
11 18 18
10 9 9
6 24 24
12 18 17
9 15 15
6 21 21
14 24 15
11 16 16
14 15 15
8 21 21
8 15 15
14 14 13
8 18 18
9 27 25
7 23 23
11 16 16
6 24 24
11 17 17
7 31 31
6 16 16
9 12 12
13 19 18
8 12 12
14 10 10
12 16 16
13 19 16
6 17 17
5 17 17
13 22 19
12 24 19
8 11 11
14 16 14
5 14 14
9 20 20
7 23 23
10 25 24
8 16 16
6 19 19
9 21 21
12 18 18
8 12 12
6 23 23
9 19 19
9 30 26
8 17 17
5 11 11
10 23 22
10 18 18
14 21 15
14 15 15
8 21 21
13 21 20
13 13 13
11 26 26
6 21 21
6 19 19
10 31 21
13 14 14
10 19 19
5 12 12
11 19 19
9 14 14
7 12 12
7 33 27
12 18 17
9 24 24
6 25 25
5 26 26
7 18 18
8 23 23
6 22 22
9 20 20
13 17 17
6 26 26
6 18 18
12 23 20
13 19 18
11 25 23
10 21 21
5 15 15
13 11 11
6 13 13
6 16 16
6 27 27
13 13 13
6 24 24
8 25 25
5 17 17
6 20 20
13 23 18
14 21 17
6 18 18
9 16 16
13 16 16
7 12 12
7 21 21
5 21 21
12 23 22
5 26 26
5 15 15
12 19 19
12 13 13
6 23 23
9 29 25
7 26 26
9 23 23
7 21 21
13 23 17
10 15 15
6 18 18
9 26 26
11 31 23
13 22 21
13 19 19
9 26 24
14 30 18
14 21 13
11 20 20
13 9 9
9 28 27
10 21 21
5 22 22
9 13 13
9 18 18
10 14 14
8 22 22
6 21 21
9 15 15
5 20 20
12 29 25
12 21 19
12 17 17
11 24 23
13 25 17
10 22 22
6 21 21
9 23 23
13 20 18
11 24 24
12 20 20
10 21 21
12 15 15
5 16 16
14 22 15
6 23 23
14 15 14
5 23 23
11 17 17
11 15 15
6 20 20
7 24 24
10 18 18
5 20 20
5 19 19
8 20 20
9 23 23
14 28 15
8 23 23
8 23 23
12 19 19
12 26 24
7 14 14
6 20 20
10 16 16
10 22 22
6 13 13
11 19 19
9 23 23
12 25 20
11 22 22
11 20 19
12 16 16
11 22 19
10 16 16
9 15 15
13 20 20
8 14 14
10 13 13
11 24 22
10 27 25
10 25 23
10 29 22
12 18 18
14 13 13
6 20 20
5 18 18
13 19 19
11 21 20
11 30 24
9 21 21
5 27 27
6 19 19
14 17 14
10 13 13
8 20 20
6 27 27
13 12 12
6 18 18
9 17 17
12 19 19
12 24 19
12 22 21
14 15 15
9 25 25
5 20 20
9 20 20
8 18 18
12 25 21
13 26 20
11 19 19
14 17 17
13 21 15
12 24 21
11 25 23
8 21 21
10 21 21
14 23 13
13 11 11
10 20 20
12 20 18
12 25 20
5 17 17
6 14 14
12 25 20
13 18 18
8 14 14
8 16 16
14 21 13
12 25 17
9 20 20
13 22 22
11 15 15
6 24 24
13 21 16
10 23 23
11 23 23
10 27 23
7 17 17
6 26 26
11 15 15
6 18 18
6 23 23
14 23 15
14 19 15
6 19 19
8 28 28
8 12 12
13 23 20
12 21 21
7 25 25
11 20 20
13 22 19
10 15 15
9 28 27
10 19 19
6 20 20
10 31 21
5 21 21
14 25 14
12 27 21
9 16 16
9 19 19
12 17 17
13 20 17
9 17 17
8 17 17
7 24 24
9 17 17
11 23 22
9 20 20
11 26 19
6 19 19
10 16 16
6 19 19
6 10 10
10 19 19
13 19 19
13 24 15
14 20 20
8 18 18
9 21 21
8 15 15
11 20 19
8 18 18
8 27 27
11 23 23
10 19 19
12 27 22
12 13 13
12 21 21
13 21 18
5 26 26
7 26 26
14 16 16
8 25 25
11 22 22
14 24 16
14 18 13
14 12 12
12 24 17
14 25 14
13 15 15
13 17 15
8 18 18
11 23 20
10 16 16
6 13 13
8 22 22
7 22 22
9 25 22
6 18 18
11 22 22
10 31 26
10 20 20
11 28 22
11 16 16
5 13 13
8 14 14
14 18 15
7 20 20
8 14 14
7 25 25
7 16 16
12 13 13
5 20 20
11 22 22
12 22 17
12 21 21
10 14 14
14 16 16
12 24 20
6 18 18
6 27 27
12 13 13
12 25 23
10 20 20
8 16 16
7 11 11
9 14 14
14 21 13
9 24 24
5 25 25
9 14 14
12 22 21
11 24 22
11 17 17
13 15 15
7 20 20
5 22 22
12 23 19
14 10 10
6 19 19
8 21 21
13 25 15
10 21 21
9 17 17
10 21 21
12 22 21
10 24 21
6 13 13
10 27 26
10 17 17
5 19 19
6 18 18
14 15 15
14 24 16
11 16 16
9 15 15
11 23 22
5 26 26
11 13 13
13 18 17
6 17 17
11 18 18
6 26 26
13 20 17
6 9 9
12 21 17
5 23 23
7 18 18
10 24 22
8 18 18
12 22 18
7 19 19
14 18 14
6 22 22
12 9 9
7 26 26
12 23 22
14 21 17
13 27 20
5 13 13
11 19 19
7 21 21
12 25 20
9 18 18
14 18 15
8 11 11
13 20 18
6 17 17
7 23 23
8 20 20
10 22 21
10 21 21
6 22 22
11 13 13
10 21 21
8 13 13
8 16 16
10 27 25
13 20 20
8 26 26
13 19 15
7 17 17
9 16 16
5 22 22
13 21 21
6 17 17
14 27 17
6 19 19
6 29 29
5 16 16
5 20 20
10 10 10
12 30 20
9 23 23
12 22 18
8 17 17
10 18 18
10 20 20
12 24 21
6 22 22
14 18 16
12 15 15
6 25 25
9 17 17
11 17 17
5 15 15
7 27 27
13 15 15
9 21 21
5 15 15
12 23 21
6 24 24
12 17 17
9 16 16
11 20 20
14 15 15
10 17 17
7 19 19
7 12 12
5 16 16
8 21 21
11 20 20
7 26 26
13 27 15
10 17 17
11 19 19
9 23 23
11 28 20
9 16 16
10 19 19
14 13 13
9 15 15
10 20 20
5 16 16
12 22 19
12 27 19
10 22 22
13 23 17
10 19 19
6 21 21
10 19 19
14 16 16
13 20 19
8 19 19
10 27 26
7 20 20
7 23 23
10 21 21
8 17 17
11 14 14
14 25 13
13 19 19
9 18 18
5 17 17
12 12 12
8 14 14
12 25 19
10 17 17
8 19 19
8 22 22
10 20 20
13 18 17
14 14 14
14 28 17
9 20 20
10 16 16
12 22 20
10 16 16
10 16 16
7 24 24
5 21 21
7 20 20
12 21 17
5 27 27
9 17 17
6 18 18
11 35 21
11 18 18
9 21 21
8 24 24
8 16 16
7 19 19
9 20 20
11 15 15
9 23 23
8 12 12
8 27 27
13 22 22
5 23 23
8 18 18
11 17 17
7 19 19
14 12 12
10 18 18
10 21 21
5 15 15
13 17 17
7 14 14
6 25 25
5 22 22
8 17 17
9 22 22
10 19 19
7 18 18
10 23 22
14 19 13
6 25 25
7 26 26
7 18 18
6 22 22
8 18 18
12 31 20
9 24 24
5 20 20
9 19 19
5 22 22
7 21 21
10 20 20
10 18 18
13 16 16
12 22 19
6 18 18
9 21 21
8 15 15
13 15 15
14 16 16
11 20 20
12 20 20
7 24 24
6 23 23
7 15 15
12 25 16
8 14 14
7 18 18
11 18 18
12 15 15
12 15 15
6 14 14
13 23 19
6 17 17
10 16 16
11 19 19
12 21 19
7 13 13
8 16 16
7 13 13
9 17 17
6 21 21
14 19 14
10 18 18
11 15 15
7 17 17
11 19 19
7 20 20
11 18 18
11 26 23
6 20 20
9 22 22
5 22 22
11 14 14
8 21 21
7 25 25
8 24 24
7 17 17
6 17 17
11 15 15
10 22 22
14 18 18
9 20 20
9 22 22
13 23 19
5 13 13
11 16 16
5 21 21
6 23 23
8 28 28
7 19 19
10 18 18
14 21 14
8 17 17
8 25 25
6 23 23
12 12 12
13 20 18
11 18 18
6 22 22
13 16 16
12 22 21
14 6 6
10 29 25
7 26 26
13 16 16
5 28 28
8 31 31
9 20 20
6 22 22
9 21 21
11 23 22
14 22 18
13 15 15
12 27 22
9 22 22
12 13 13
6 15 15
7 24 24
12 20 20
6 25 25
13 21 19
5 17 17
7 22 22
8 16 16
9 13 13
6 18 18
14 19 13
14 18 17
14 20 15
8 28 28
13 14 14
10 17 17
8 21 21
8 18 18
6 18 18
14 21 13
8 23 23
14 22 15
11 19 19
11 25 21
5 27 27
12 22 20
14 27 16
8 12 12
5 16 16
5 18 18
12 10 10
10 18 18
11 14 14
12 15 15
5 26 26
14 25 14
10 21 21
13 16 16
13 14 14
8 20 20
10 20 20
10 21 21
12 19 19
10 17 17
7 25 25
14 23 16
6 21 21
11 15 15
14 23 18
5 14 14
10 20 20
7 14 14
6 32 32
5 30 30
8 20 20
7 19 19
6 23 23
5 18 18
12 19 19
8 22 22
5 20 20
8 17 17
6 15 15
14 20 15
10 15 15
5 18 18
13 22 17
13 17 16
7 17 17
5 31 31
5 25 25
7 15 15
5 19 19
5 13 13
12 17 17
9 19 19
12 11 11
5 18 18
14 20 13
11 16 16
11 18 18
9 28 25
5 27 27
6 21 21
14 20 17
11 12 12
10 21 21
8 17 17
7 18 18
11 20 20
6 14 14
8 22 22
8 20 20
13 22 16
6 16 16
5 12 12
10 23 23
11 21 21
11 13 13
9 20 20
6 21 21
11 13 13
10 10 10
14 23 14
9 20 20
9 23 23
7 23 23
7 29 29
11 22 19
14 30 15
10 16 16
10 18 18
7 22 22
6 21 21
8 21 21
11 21 21
8 16 16
11 19 19
8 14 14
9 24 24
14 18 17
6 21 21
13 28 19
5 18 18
10 29 21
8 25 25
11 22 21
5 17 17
5 15 15
14 25 15
6 18 18
9 24 24
5 13 13
6 24 24
6 15 15
14 16 16
5 16 16
6 22 22
7 16 16
9 19 19
14 11 11
10 21 21
11 15 15
6 26 26
14 24 21
5 15 15
6 18 18
7 18 18
9 29 26
14 16 16
7 23 23
10 18 18
6 17 17
11 11 11
11 23 23
13 20 19
9 16 16
6 22 22
6 17 17
7 17 17
13 18 17
12 20 20
10 20 20
5 17 17
14 18 16
11 17 17
8 18 18
12 21 21
9 20 20
5 20 20
7 21 21
12 19 19
11 24 21
6 13 13
8 23 23
9 14 14
7 22 22
10 17 17
10 20 20
14 8 8
5 24 24
9 16 16
7 20 20
8 23 23
10 14 14
5 25 25
6 16 16
7 18 18
5 19 19
5 15 15
6 14 14
6 20 20
13 21 21
9 18 18
7 17 17
7 24 24
5 19 19
11 11 11
9 21 21
6 21 21
9 29 25
11 15 15
13 21 16
9 28 25
7 22 22
11 20 20
14 19 16
9 14 14
5 23 23
12 23 18
6 17 17
13 12 12
14 22 15
12 23 17
11 16 16
8 16 16
6 18 18
12 18 18
13 23 18
7 23 23
10 19 19
7 15 15
11 17 17
11 25 20
13 26 16
12 27 23
9 24 24
10 27 25
7 15 15
6 15 15
10 11 11
6 15 15
13 13 13
12 16 16
13 20 19
11 21 21
6 16 16
10 16 16
13 24 17
10 20 20
6 12 12
14 17 16
11 29 23
13 30 14
12 24 21
10 19 19
6 21 21
9 28 28
8 19 19
7 19 19
14 15 14
8 22 22
5 18 18
12 15 15
11 22 21
13 14 14
7 23 23
10 17 17
7 12 12
11 19 19
10 16 16
6 25 25
5 24 24
11 21 21
9 25 25
9 14 14
8 24 24
10 13 13
10 28 23
13 20 15
12 24 21
12 15 15
12 19 19
8 11 11
10 20 20
13 20 19
7 18 18
6 22 22
13 27 17
11 25 24
11 15 15
6 17 17
9 23 23
11 22 20
8 17 17
10 22 22
5 17 17
10 12 12
9 19 19
14 17 17
8 11 11
7 20 20
11 22 21
5 12 12
9 28 27
11 20 19
5 21 21
12 24 19
7 21 21
5 31 31
13 18 17
13 17 17
14 21 18
12 15 15
5 17 17
10 22 22
10 25 24
8 23 23
13 16 16
6 12 12
8 14 14
5 15 15
10 19 19
11 22 21
14 24 14
5 22 22
9 24 24
11 23 20
13 19 19
9 28 24
10 17 17
10 10 10
12 16 16
7 23 23
8 17 17
5 23 23
6 20 20
10 19 19
9 13 13
13 20 20
9 18 18
9 15 15
6 20 20
12 20 20
7 15 15
10 25 25
6 16 16
9 21 21
6 20 20
11 23 23
5 26 26
6 11 11
12 23 20
14 23 14
9 20 20
9 23 23
12 17 17
14 14 14
8 21 21
11 19 19
8 27 27
5 23 23
6 26 26
12 25 21
5 28 28
13 25 16
5 18 18
9 13 13
13 15 15
13 23 19
10 17 17
11 20 20
11 21 21
13 16 16
9 19 19
10 20 20
14 15 14
8 12 12
12 22 21
14 12 12
6 13 13
6 8 8
13 21 19
5 14 14
14 14 14
10 18 18
13 23 23
7 29 29
6 18 18
6 22 22
5 25 25
12 23 23
11 22 20
13 22 20
5 18 18
10 24 23
11 16 16
6 16 16
10 25 24
14 20 17
6 23 23
13 17 15
9 18 18
13 22 17
14 21 17
9 15 15
6 20 20
14 23 14
14 20 17
8 25 25
10 20 20
9 19 19
8 28 28
14 21 17
12 18 18
6 23 23
12 19 17
6 12 12
13 19 17
11 15 15
8 22 22
5 25 25
10 17 17
5 18 18
7 22 22
10 22 22
6 18 18
8 16 16
13 21 19
8 25 25
13 17 17
6 18 18
8 25 25
5 16 16
8 19 19
12 21 18
14 14 14
10 11 11
10 29 21
5 22 22
11 18 18
11 21 21
6 15 15
14 20 16
10 10 10
13 20 19
8 14 14
11 28 21
11 27 23
11 18 18
14 18 14
9 16 16
14 17 15
6 14 14
12 14 14
13 12 12
8 26 26
7 15 15
7 21 21
11 17 17
7 23 23
6 27 27
11 21 21
7 13 13
12 15 15
12 26 18
9 16 16
13 11 11
5 25 25
5 18 18
12 16 16
5 22 22
14 21 21
10 23 21
9 10 10
14 23 15
7 26 26
11 22 21
7 24 24
10 27 27
12 24 21
13 17 16
11 22 22
7 21 21
7 25 25
9 22 22
11 28 25
13 14 14
6 23 23
7 20 20
10 13 13
12 17 17
5 16 16
14 22 18
6 18 18
11 17 17
13 22 17
9 30 25
10 28 21
10 23 22
10 14 14
10 24 24
14 23 16
8 16 16
12 21 20
13 22 16
11 14 14
14 14 14
5 21 21
11 15 15
8 18 18
7 24 24
9 16 16
8 17 17
9 19 19
12 15 15
5 15 15
11 17 17
6 19 19
8 31 25
14 30 13
8 15 15
8 18 18
9 16 16
6 21 21
6 17 17
14 17 14
14 22 18
10 34 26
7 17 17
14 13 13
9 24 24
7 15 15
7 20 20
13 17 17
13 19 17
11 23 19
11 21 21
13 21 19
14 15 15
5 21 21
7 23 23
14 23 14
5 23 23
12 23 22
12 17 17
5 24 24
10 17 17
12 18 18
13 15 15
8 19 19
5 18 18
14 19 18
5 14 14
10 18 18
10 20 20
14 18 17
6 10 10
14 22 15
12 29 18
14 23 14
9 24 24
9 23 23
12 30 19
10 20 20
14 17 13
10 23 23
14 21 21
7 25 25
8 26 26
8 22 22
6 23 23
9 18 18
9 17 17
11 11 11
5 19 19
7 20 20
13 24 21
14 16 16
10 20 20
14 24 14
10 21 21
8 29 27
12 15 15
14 29 16
10 19 19
6 13 13
9 21 21
5 17 17
12 22 21
8 13 13
13 21 17
9 24 24
7 24 24
14 19 16
12 25 18
7 25 25
8 14 14
5 22 22
13 28 15
10 23 23
5 24 24
8 30 26
12 27 17
13 18 18
5 18 18
10 18 18
5 16 16
13 16 15
8 19 19
11 24 21
13 33 21
11 26 21
14 23 18
7 20 20
11 22 22
13 16 16
13 19 19
13 21 17
14 14 14
13 17 17
7 21 21
11 27 22
9 31 28
10 12 12
13 16 16
9 17 17
9 16 16
6 20 20
5 11 11
13 33 15
10 20 20
12 24 18
5 28 28
9 22 22
9 17 17
6 18 18
11 22 22
7 17 17
6 13 13
11 25 24
10 26 21
10 19 19
14 19 17
7 10 10
14 19 18
8 21 21
12 14 14
6 23 23
7 17 17
6 23 23
6 15 15
7 15 15
14 19 17
9 18 18
14 22 17
6 34 28
6 20 20
7 17 17
5 22 22
10 23 23
13 18 18
7 16 16
14 23 17
13 19 17
11 33 20
11 19 19
8 21 21
5 20 20
7 28 28
5 13 13
6 10 10
8 24 24
8 21 21
10 27 21
9 11 11
12 22 20
14 20 15
11 13 13
10 24 23
10 22 21
9 25 25
5 19 19
6 19 19
7 24 24
7 16 16
11 25 21
10 17 17
11 15 15
14 15 15
7 12 12
6 16 16
5 18 18
7 22 22
13 23 18
12 17 17
8 12 12
8 23 23
11 14 14
10 20 20
9 14 14
9 12 12
5 17 17
9 27 27
9 15 15
14 22 16
5 12 12
8 19 19
5 16 16
12 16 16
8 21 21
10 28 22
7 34 29
8 19 19
5 19 19
5 10 10
5 20 20
6 16 16
7 24 24
13 28 14
12 19 19
9 25 25
9 19 19
14 12 12
13 18 18
14 21 14
8 13 13
13 18 15
9 16 16
13 23 15
11 17 17
7 19 19
13 24 18
8 20 20
8 20 20
12 27 22
6 18 18
11 23 20
12 23 19
12 17 17
11 24 24
12 23 23
14 30 14
7 18 18
9 16 16
12 22 19
6 31 31
8 27 27
7 12 12
12 20 19
9 10 10
5 14 14
8 18 18
10 17 17
12 22 20
10 17 17
10 19 19
11 17 17
14 26 13
14 18 15
8 14 14
13 29 15
9 10 10
7 16 16
9 21 21
12 26 17
8 18 18
5 16 16
12 10 10
5 17 17
11 19 19
9 16 16
9 19 19
13 21 16
11 24 20
6 21 21
14 17 13
5 14 14
11 23 18
12 22 22
8 28 28
6 24 24
5 20 20
13 29 21
13 20 17
9 20 20
14 24 15
11 24 21
9 12 12
11 16 16
13 21 17
13 13 13
6 17 17
8 18 18
7 22 22
9 27 25
7 20 20
10 17 17
14 24 15
7 20 20
10 23 23
8 19 19
10 23 23
10 15 15
13 18 18
5 16 16
10 28 22
5 23 23
14 17 17
12 22 18
5 17 17
14 17 17
12 21 18
13 20 18
7 14 14
9 19 19
9 19 19
14 19 14
7 18 18
12 18 18
5 18 18
5 9 9
8 14 14
6 23 23
7 17 17
7 17 17
8 21 21
8 25 25
7 9 9
5 12 12
14 24 18
7 19 19
7 21 21
8 21 21
12 22 22
10 17 17
10 19 19
13 15 15
14 14 13
13 18 18
13 23 17
10 21 21
9 24 24
5 24 24
9 11 11
10 21 21
9 15 15
14 21 15
11 23 22
13 22 21
8 13 13
5 23 23
5 18 18
7 19 19
11 20 20
11 23 22
14 12 12
13 26 17
9 13 13
8 26 26
5 15 15
11 25 21
5 17 17
12 20 20
12 16 16
8 21 21
7 23 23
14 12 12
8 16 16
10 25 25
5 18 18
10 24 21
12 26 19
6 21 21
10 18 18
6 22 22
10 20 20
5 18 18
10 18 18
8 26 26
11 24 22
6 20 20
5 29 29
10 21 21
13 27 17
8 26 26
5 16 16
8 23 23
14 15 15
12 15 15
5 24 24
12 27 21
12 17 17
12 23 19
7 16 16
14 16 15
9 24 24
7 20 20
12 23 21
9 14 14
13 15 15
13 17 16
6 19 19
12 24 20
7 14 14
6 21 21
13 19 18
12 21 21
13 19 18
5 28 28
6 21 21
7 14 14
13 18 18
14 26 15
7 22 22
12 20 20
7 23 23
6 12 12
11 24 22
5 23 23
13 13 13
12 21 17
7 20 20
10 19 19
8 33 29
5 19 19
7 20 20
9 16 16
5 23 23
10 11 11
12 23 17
6 21 21
13 17 17
13 25 18
10 24 20
13 14 14
6 20 20
7 17 17
5 26 26
9 23 23
11 16 16
11 20 20
12 15 15
11 16 16
9 27 25
8 22 22
12 24 20
6 15 15
6 16 16
13 22 21
7 15 15
12 22 19
13 19 18
9 17 17
6 23 23
10 22 22
7 22 22
11 25 22
9 25 23
13 13 13
12 24 21
13 21 18
5 23 23
9 18 18
13 16 16
8 13 13
7 27 27
10 20 20
8 18 18
7 20 20
14 17 13
12 19 19
10 26 22
14 15 15
6 28 28
6 18 18
10 31 24
14 21 16
14 19 17
13 17 17
9 24 24
5 19 19
13 22 20
8 23 23
14 22 14
8 15 15
5 12 12
6 18 18
11 24 22
12 13 13
12 18 18
12 23 18
11 25 22
9 11 11
13 19 17
5 18 18
11 15 15
11 12 12
11 15 15
8 25 25
5 19 19
7 22 22
14 19 17
7 13 13
9 25 22
11 17 17
11 20 20
7 11 11
6 26 26
5 20 20
11 16 16
11 18 18
5 18 18
13 13 13
14 18 17
13 14 14
13 25 17
14 17 16
7 12 12
9 14 14
7 20 20
8 11 11
13 22 19
9 28 26
9 14 14
9 14 14
13 22 19
12 19 18
5 15 15
12 24 20
12 19 19
6 20 20
8 27 27
13 25 16
9 13 13
5 23 23
10 24 24
11 15 15
9 28 28
13 26 19
6 21 21
6 22 22
8 15 15
10 27 23
13 17 16
7 22 22
7 26 26
5 24 24
5 20 20
11 16 16
10 15 15
9 20 20
5 28 28
5 25 25
10 18 18
11 24 21
6 17 17
5 16 16
13 10 10
10 17 17
10 21 21
13 22 15
11 22 20
13 19 19
7 25 25
10 21 21
12 22 22
12 18 18
14 22 14
6 14 14
13 20 18
8 22 22
6 23 23
6 21 21
11 29 24
12 23 18
12 20 20
12 25 17
8 27 26
9 17 17
8 18 18
10 18 18
13 21 18
7 14 14
11 14 14
13 26 19
7 23 23
7 21 21
8 26 25
6 14 14
11 28 22
13 20 16
14 19 18
5 19 19
12 20 17
11 18 18
14 27 17
12 20 19
8 27 27
8 16 16
9 20 20
11 19 19
14 24 12
12 15 15
5 18 18
13 22 16
6 21 21
5 22 22
9 20 20
6 21 21
5 15 15
7 17 17
14 17 13
14 20 15
14 20 19
13 19 18
12 22 21
11 14 14
14 24 15
7 15 15
9 21 21
6 17 17
7 19 19
6 25 25
9 17 17
10 24 24
7 21 21
7 22 22
5 21 21
14 20 15
6 18 18
6 12 12
12 21 17
7 16 16
14 15 15
7 12 12
9 25 25
11 23 21
14 25 14
12 18 18
7 26 26
8 24 24
6 20 20
7 22 22
5 23 23
8 26 26
13 17 16
12 10 10
12 17 17
10 20 20
5 22 22
8 23 23
8 22 22
5 17 17
13 17 17
7 17 17
12 20 20
5 16 16
12 22 21
7 20 20
6 16 16
5 18 18
10 19 19
5 24 24
5 20 20
8 18 18
6 20 20
7 23 23
11 23 21
7 16 16
13 26 20
7 17 17
14 19 17
14 15 14
13 21 16
5 18 18
5 16 16
12 23 22
10 18 18
8 23 23
13 23 18
12 21 19
14 12 12
12 25 21
8 21 21
11 13 13
12 18 18
8 20 20
9 17 17
7 24 24
11 24 23
5 33 33
6 13 13
7 25 25
11 17 17
10 18 18
5 24 24
12 19 19
14 19 14
8 18 18
5 19 19
11 27 22
5 15 15
5 12 12
12 18 18
6 18 18
13 14 14
11 18 18
8 13 13
14 27 22
10 13 13
11 24 23
5 19 19
10 22 22
14 27 16
12 18 18
13 25 14
7 20 20
6 22 22
14 17 17
6 23 23
11 20 20
5 22 22
9 17 17
14 17 12
12 14 14
7 17 17
6 21 21
11 24 20
11 20 20
9 21 21
14 17 17
6 19 19
6 20 20
9 28 27
10 17 17
9 19 19
6 18 18
14 20 17
7 22 22
5 22 22
10 25 25
14 22 19
7 13 13
9 23 23
5 14 14
11 21 21
11 22 22
7 20 20
6 14 14
13 20 20
14 19 15
9 21 21
11 14 14
13 15 15
8 18 18
9 22 22
10 15 15
11 18 18
6 18 18
12 14 14
5 19 19
10 16 16
10 28 25
6 18 18
5 15 15
11 18 18
7 19 19
7 22 22
11 19 19
9 18 18
6 10 10
14 23 14
7 15 15
14 19 17
7 20 20
6 19 19
13 28 16
14 19 16
5 19 19
11 11 11
13 22 18
8 20 20
5 16 16
12 19 19
14 24 16
8 27 24
9 29 24
7 23 23
13 22 21
7 22 22
12 21 20
6 13 13
12 16 16
11 16 16
13 21 19
5 17 17
10 25 24
6 23 23
6 24 24
10 19 19
14 21 15
7 14 14
14 17 13
11 20 19
14 13 13
11 19 19
6 23 23
6 15 15
14 15 15
13 14 14
5 18 18
9 21 21
7 20 20
5 16 16
8 33 29
6 15 15
7 20 20
8 20 20
6 23 23
9 18 18
11 20 20
8 21 21
10 13 13
12 19 19
14 15 15
6 16 16
9 32 28
8 25 25
14 21 18
8 21 21
13 20 17
13 18 16
10 16 16
9 22 22
5 24 24
11 20 20
13 16 16
14 23 13
14 30 18
10 13 13
12 21 18
10 23 23
11 20 20
12 27 19
10 17 17
11 21 21
11 22 19
5 18 18
11 23 21
12 16 16
13 22 18
5 12 12
6 22 22
13 13 13
12 15 15
6 22 22
10 16 16
8 13 13
13 20 20
14 19 16
11 20 20
11 23 22
13 17 17
13 22 17
13 22 22
11 29 25
7 16 16
11 18 18
9 18 18
10 17 17
5 18 18
14 22 16
13 17 17
11 26 19
11 26 23
14 20 15
9 20 20
8 18 18
12 21 18
14 28 15
7 14 14
13 17 17
6 13 13
14 23 18
14 16 14
6 21 21
8 29 26
12 16 16
9 15 15
10 28 23
8 17 17
14 25 17
14 21 18
12 13 13
12 23 18
13 24 19
14 19 16
8 23 23
10 19 19
14 20 17
9 17 17
10 19 19
14 16 16
10 16 16
12 21 21
12 24 21
11 22 21
14 17 17
12 20 20
12 22 18
8 17 17
12 25 20
5 21 21
12 19 16
12 30 20
12 17 17
5 20 20
13 21 15
9 22 22
11 23 21
12 21 18
9 14 14
11 19 19
9 22 22
6 22 22
7 21 21
6 30 30
6 22 22
7 12 12
13 21 17
14 19 15
11 28 24
7 19 19
5 21 21
5 14 14
10 15 15
7 17 17
7 18 18
10 22 22
6 18 18
14 22 19
8 21 21
14 21 19
7 23 23
14 15 15
6 18 18
6 13 13
9 12 12
8 23 23
8 14 14
12 22 19
14 25 19
10 20 20
6 17 17
14 15 15
5 14 14
7 15 15
11 16 16
10 27 24
12 18 18
10 14 14
5 24 24
14 19 16
14 19 16
9 19 19
7 18 18
9 22 22
14 17 17
7 19 19
12 19 18
7 19 19
12 25 25
5 25 25
12 17 16
8 17 17
8 22 22
6 21 21
13 19 19
10 19 19
11 21 21
14 23 21
8 19 19
10 19 19
14 24 16
10 30 21
11 23 20
11 20 20
10 13 13
12 21 20
10 23 23
5 25 25
8 19 19
12 11 11
5 16 16
5 15 15
11 29 19
5 20 20
9 19 19
13 23 19
7 23 23
7 18 18
14 15 14
6 22 22
12 19 19
9 24 24
5 18 18
13 26 21
6 15 15
11 13 13
12 23 19
7 22 22
8 24 24
6 18 18
9 23 23
8 23 23
13 11 11
14 15 15
8 23 23
10 17 17
7 20 20
11 26 23
13 20 20
14 16 15
5 14 14
6 20 20
6 27 27
6 28 28
10 19 19
7 34 28
5 28 28
14 17 15
8 15 15
12 15 15
8 21 21
7 14 14
13 19 19
12 26 21
12 18 18
13 21 21
13 19 17
14 20 18
5 16 16
10 20 20
11 21 21
13 13 13
14 20 16
12 19 19
14 21 15
